



Start Date: 02/17/25




Box: 1





























C:
     0:        0.500        0.510      160.610        0.510      918.100
     5:       78.600        0.500        0.200       24.610        0.510
    10:       54.610        0.510      493.610        0.510      734.610
    15:        0.510        0.610        0.510      881.600        0.500
    20:        0.200      502.610        0.510      307.600        0.500
    25:        0.200      889.600        0.500        0.200      342.610
    30:        0.510      335.100      400.600        0.500        0.200
    35:        0.600        0.500      992.600        0.500        0.200
    40:        0.600        0.500       43.610        0.510       59.610
    45:        0.510        7.610        0.510        1.610        0.510
    50:       21.610        0.510      258.610        0.510      263.610
    55:        0.510        3.610        0.510       48.610        0.510
    60:        5.610        0.510        0.610        0.510        3.610
    65:        0.510        3.610        0.510        2.610        0.510
    70:        7.610        0.510       11.610        0.510      167.600
    75:        0.500        0.200        0.600        0.500      138.610
    80:        0.510        3.610        0.510        3.610        0.510
    85:     1141.610        0.510        4.610        0.510        3.610
    90:        0.510      550.610        0.510        1.610        0.510
    95:        1.610        0.510      985.600        0.500        0.200
   100:       44.610        0.510       68.610        0.510       18.610
   105:        0.510       51.610        0.510        1.610        0.510
   110:      102.610        0.510        3.610        0.510      179.100
   115:      595.610        0.510     1271.610        0.510        2.610
   120:        0.510      320.610        0.510        6.610        0.510
   125:        0.610        0.510        2.610        0.510        1.610
   130:        0.510      642.610        0.510        0.610        0.510
   135:      420.610        0.510      292.610        0.510       61.610
   140:        0.510        1.610        0.510      241.610        0.510
   145:       12.610        0.510       43.610        0.510      596.610
   150:        0.510       18.610        0.510       46.100      171.610
   155:        0.510       26.610        0.510      824.610        0.510
   160:        2.610        0.510       13.610        0.510      554.610
   165:        0.510        2.610        0.510      890.600        0.500
   170:        0.200       47.610        0.510       81.610        0.510
   175:      154.610        0.510        3.610        0.510      164.610
   180:        0.510        1.610        0.510        1.610        0.510
   185:      148.610        0.510       60.610        0.510      642.610
   190:        0.510        3.610        0.510      393.610        0.510
   195:        2.610        0.510      245.610        0.510       14.610
   200:        0.510        2.610        0.510      330.600        0.500
   205:        0.200        1.600        0.500        4.600        0.500
   210:        1.600        0.500        1.600        0.500       39.610
   215:        0.510       63.610        0.510        2.610        0.510
   220:        8.610        0.510      236.610        0.510        4.610
   225:        0.510        1.610        0.510        2.610        0.510
   230:        7.610        0.510        3.610        0.510        4.610
   235:        0.510        5.610        0.510       53.610        0.510
   240:      123.610        0.510      209.610        0.510        6.610
   245:        0.510      462.600        0.500        0.200       35.610
   250:        0.510      217.610        0.510      627.100       44.610
   255:        0.510      391.610        0.510      259.610        0.510
   260:        2.610        0.510       63.600        0.500        0.200
   265:        0.600        0.500        9.600        0.500      217.610
   270:        0.510        5.610        0.510      881.610        0.510
   275:       18.610        0.510        1.610        0.510       15.610
   280:        0.510      415.610        0.510      179.610        0.510
   285:        3.610        0.510        2.610        0.510      291.610
   290:        0.510        3.610        0.510        0.610        0.510
   295:       14.610        0.510      146.610        0.510      127.600
   300:        0.500        0.200        0.600        0.500      102.610
   305:        0.510       25.610        0.510        2.610        0.510
   310:        1.610        0.510       18.610        0.510        1.610
   315:        0.510        2.610        0.510      347.600        0.500
   320:        0.200      505.610        0.510        1.610        0.510
   325:       13.610        0.510       53.610        0.510        8.610
   330:        0.510        6.610        0.510        2.610        0.510
   335:      617.100      482.610        0.510      666.610        0.510
   340:      101.600        0.500        0.200      165.610        0.510
   345:      152.610        0.510        3.610        0.510        0.610
   350:        0.510       20.610        0.510      408.610        0.510
   355:        3.610        0.510      951.610        0.510        2.610
   360:        0.510      233.600        0.500        0.200       22.610
   365:        0.510       80.610        0.510        1.610        0.510
   370:       28.610        0.510        4.610        0.510        1.610
   375:        0.510       43.610        0.510       42.610        0.510
   380:      497.600        0.500        0.200       34.610        0.510
   385:      305.610        0.510      439.610        0.510        6.610
   390:        0.510        9.610        0.510      155.610        0.510
   395:        4.610        0.510       26.610        0.510       11.610
   400:        0.510       10.610        0.510        8.610        0.510
   405:       19.610        0.510        7.610        0.510        4.610
   410:        0.510        5.610        0.510        5.610        0.510
   415:        7.610        0.510       17.610        0.510       17.610
   420:        0.510        4.610        0.510        4.610        0.510
   425:        5.610        0.510        1.610        0.510        7.610
   430:        0.510        4.610        0.510        4.610        0.510
   435:        8.610        0.510       31.610        0.510       11.610
   440:        0.510      131.610        0.510        1.610        0.510
   445:        1.610        0.510        7.610        0.510        1.610
   450:        0.510       16.610        0.510        7.610        0.510
   455:        2.610        0.510        6.610        0.510        4.610
   460:        0.510       48.610        0.510       11.610        0.510
   465:       24.610        0.510        1.610        0.510       37.610
   470:        0.510       17.610        0.510        5.610        0.510
   475:       21.610        0.510       63.610        0.510      212.610
   480:        0.510        8.610        0.510      149.610        0.510
   485:      103.610        0.510        1.610        0.510      391.610
   490:        0.510        5.610        0.510      335.610        0.510
   495:        2.610        0.510      497.610        0.510        5.610
   500:        0.510        1.610        0.510        2.610        0.510
   505:       27.610        0.510        3.610        0.510       24.610
   510:        0.510        1.610        0.510       12.610        0.510
   515:        1.610        0.510       11.610        0.510       32.610
   520:        0.510        3.610        0.510       13.610        0.510
   525:        9.610        0.510       15.610        0.510        6.610
   530:        0.510        4.610        0.510       10.610        0.510
   535:        0.610        0.510        1.610        0.510        3.610
   540:        0.510        1.610        0.510       17.610        0.510
   545:        2.610        0.510        2.610        0.510        3.610
   550:        0.510        0.610        0.510       37.610        0.510
   555:       14.610        0.510      205.610        0.510        0.610
   560:        0.510        1.610        0.510      288.600        0.500
   565:        0.200      179.610        0.510        2.610        0.510
   570:        5.610        0.510        4.610        0.510        3.610
   575:        0.510        3.610        0.510       40.610        0.510
   580:        2.610        0.510        9.610        0.510        8.610
   585:        0.510       15.610        0.510       29.610        0.510
   590:       12.610        0.510       18.610        0.510      134.610
   595:        0.510        3.610        0.510        2.610        0.510
   600:       55.300
